dbtype,dbno,iteration,query,time
4,1,1,1,.094800222
4,1,1,2,.058098697
4,1,1,3,.049220359
4,1,1,4,.086300606
4,1,2,1,.047985250
4,1,2,2,.057908081
4,1,2,3,.049324011
4,1,2,4,.083173586
4,1,3,1,.047870309
4,1,3,2,.057831968
4,1,3,3,.049007962
4,1,3,4,.082505404
4,1,4,1,.048067467
4,1,4,2,.057536486
4,1,4,3,.048911507
4,1,4,4,.083254945
4,1,5,1,.048295922
4,1,5,2,.057328110
4,1,5,3,.048733643
4,1,5,4,.086428423
4,1,6,1,.048072262
4,1,6,2,.059787294
4,1,6,3,.049238912
4,1,6,4,.083074789
4,1,7,1,.047833702
4,1,7,2,.057674950
4,1,7,3,.048726783
4,1,7,4,.083570459
4,2,1,1,.102786737
4,2,1,2,.063581608
4,2,1,3,.048987237
4,2,1,4,.097734483
4,2,2,1,.047988628
4,2,2,2,.063618822
4,2,2,3,.048848748
4,2,2,4,.097048603
4,2,3,1,.048303624
4,2,3,2,.062802699
4,2,3,3,.049264319
4,2,3,4,.097524253
4,2,4,1,.048428447
4,2,4,2,.062844061
4,2,4,3,.049425035
4,2,4,4,.098406768
4,2,5,1,.048259847
4,2,5,2,.064679396
4,2,5,3,.049002728
4,2,5,4,.097179321
4,2,6,1,.047992730
4,2,6,2,.062618360
4,2,6,3,.049267850
4,2,6,4,.096807343
4,2,7,1,.048120692
4,2,7,2,.062267813
4,2,7,3,.048740089
4,2,7,4,.097848586
4,3,1,1,.054326072
4,3,1,2,.074406671
4,3,1,3,.049232946
4,3,1,4,.132267185
4,3,2,1,.048596281
4,3,2,2,.075183285
4,3,2,3,.049265413
4,3,2,4,.130941819
4,3,3,1,.048398919
4,3,3,2,.072804855
4,3,3,3,.049036213
4,3,3,4,.132142010
4,3,4,1,.047659275
4,3,4,2,.073106512
4,3,4,3,.048800717
4,3,4,4,.130981285
4,3,5,1,.047991424
4,3,5,2,.074514501
4,3,5,3,.048913659
4,3,5,4,.132873301
4,3,6,1,.048060968
4,3,6,2,.074071616
4,3,6,3,.048863890
4,3,6,4,.131848006
4,3,7,1,.047664816
4,3,7,2,.073259266
4,3,7,3,.049405146
4,3,7,4,.132873522
4,4,1,1,.050650381
4,4,1,2,.219463976
4,4,1,3,.083673194
4,4,1,4,1.535985525
4,4,2,1,.071885185
4,4,2,2,.215070982
4,4,2,3,.085772758
4,4,2,4,1.549640142
4,4,3,1,.072945029
4,4,3,2,.222003328
4,4,3,3,.084904859
4,4,3,4,1.539626013
4,4,4,1,.074551695
4,4,4,2,.221914269
4,4,4,3,.084477306
4,4,4,4,1.540012307
4,4,5,1,.066700843
4,4,5,2,.219449877
4,4,5,3,.085298729
4,4,5,4,1.526823106
4,4,6,1,.067949954
4,4,6,2,.233647472
4,4,6,3,.084443333
4,4,6,4,1.541649357
4,4,7,1,.067496974
4,4,7,2,.223146085
4,4,7,3,.085186624
4,4,7,4,1.559262723
4,5,1,1,.049684541
4,5,1,2,.354237006
4,5,1,3,.086101780
4,5,1,4,2.679170849
4,5,2,1,.074035759
4,5,2,2,.352830691
4,5,2,3,.091990984
4,5,2,4,2.633595989
4,5,3,1,.066800408
4,5,3,2,.356258384
4,5,3,3,.084770751
4,5,3,4,2.575870210
4,5,4,1,1.012696365
4,5,4,2,.358448437
4,5,4,3,.085777336
4,5,4,4,2.637595372
4,5,5,1,.067707006
4,5,5,2,.357748853
4,5,5,3,.085836244
4,5,5,4,2.526872760
4,5,6,1,.070988368
4,5,6,2,.343503522
4,5,6,3,.086245453
4,5,6,4,2.581114387
4,5,7,1,.066268800
4,5,7,2,.336255691
4,5,7,3,.086585442
4,5,7,4,2.554352138
4,6,1,1,.048042095
4,6,1,2,1.286167417
4,6,1,3,.117202397
4,6,1,4,10.502899106
4,6,2,1,.066875424
4,6,2,2,1.302416754
4,6,2,3,.113942783
4,6,2,4,10.719316982
4,6,3,1,.067499849
4,6,3,2,1.302372748
4,6,3,3,.114031581
4,6,3,4,10.473618540
4,6,4,1,.065066510
4,6,4,2,1.515425100
4,6,4,3,.122491482
4,6,4,4,10.526234096
4,6,5,1,.067690723
4,6,5,2,1.423222899
4,6,5,3,.118763236
4,6,5,4,10.550813257
4,6,6,1,.066606228
4,6,6,2,1.294073173
4,6,6,3,.115833022
4,6,6,4,10.481081662
4,6,7,1,.069239406
4,6,7,2,1.300955762
4,6,7,3,.116707482
4,6,7,4,10.512673360
4,7,1,1,.108977128
4,7,1,2,1.728751446
4,7,1,3,.454928775
4,7,1,4,105.288817304
4,7,2,1,.071507254
4,7,2,2,1.745861075
4,7,2,3,.456363541
4,7,2,4,105.662259465
4,7,3,1,.070724228
4,7,3,2,1.746082913
4,7,3,3,.458342164
4,7,3,4,104.513681322
4,7,4,1,.073661799
4,7,4,2,1.814179283
4,7,4,3,.447308590
4,7,4,4,104.455254575
4,7,5,1,.077666869
4,7,5,2,1.734869465
4,7,5,3,.449827654
4,7,5,4,104.589985463
4,7,6,1,.070093765
4,7,6,2,1.770715577
4,7,6,3,.552173160
4,7,6,4,104.523451174
4,7,7,1,.075838740
4,7,7,2,1.757287212
4,7,7,3,.509475282
4,7,7,4,104.571798971
4,8,1,1,.075132140
4,8,1,2,13.070217958
4,8,1,3,.586105320
4,8,1,4,801.949731796
4,8,2,1,.074697480
4,8,2,2,13.055444114
4,8,2,3,.577132968
4,8,2,4,802.573089830
4,8,3,1,.071536271
4,8,3,2,12.872194596
4,8,3,3,.578161550
4,8,3,4,797.850387928
4,8,4,1,.070846762
4,8,4,2,13.057713947
4,8,4,3,.594758393
4,8,4,4,781.532469165
4,8,5,1,.070175970
4,8,5,2,13.258924051
4,8,5,3,.586292952
4,8,5,4,788.322450540
4,8,6,1,.071545281
4,8,6,2,13.552218444
4,8,6,3,.578945519
4,8,6,4,785.739880407
4,8,7,1,.073395600
4,8,7,2,13.041005488
4,8,7,3,.576244603
4,8,7,4,804.051645793
4,9,1,1,.089099945
4,9,1,2,128.517536294
4,9,1,3,3.093537006
4,9,1,4,7576.836298628
4,9,2,1,.072358250
4,9,2,2,126.658455198
4,9,2,3,1.868898717
4,9,2,4,7697.364589910
4,9,3,1,.073915703
4,9,3,2,129.946411101
4,9,3,3,1.895263360
4,9,3,4,7788.784735197
4,9,4,1,.073213875
4,9,4,2,128.044662142
4,9,4,3,1.833947719
4,9,4,4,7694.183156878
4,9,5,1,.070085948
4,9,5,2,129.657452970
4,9,5,3,1.828741093
4,9,5,4,7683.662251032
4,9,6,1,.071041375
4,9,6,2,129.101655677
4,9,6,3,1.827134970
4,9,6,4,7720.473992662
4,9,7,1,.073584675
4,9,7,2,124.225693477
4,9,7,3,1.823315058
4,9,7,4,7723.985548934
3,1,1,1,.009256468
3,1,1,2,.004526303
3,1,1,3,.005701816
3,1,1,4,.007404987
3,1,2,1,.009230998
3,1,2,2,.011868958
3,1,2,3,.013387450
3,1,2,4,.014687867
3,1,3,1,.013612755
3,1,3,2,.013861167
3,1,3,3,.012031615
3,1,3,4,.007894405
3,1,4,1,.007443372
3,1,4,2,.007550669
3,1,4,3,.007454260
3,1,4,4,.007671669
3,1,5,1,.007013180
3,1,5,2,.007526482
3,1,5,3,.007496762
3,1,5,4,.007626373
3,1,6,1,.007197549
3,1,6,2,.007426683
3,1,6,3,.007738467
3,1,6,4,.009499113
3,1,7,1,.008404491
3,1,7,2,.009249186
3,1,7,3,.009169440
3,1,7,4,.009631645
3,1,8,1,.008565631
3,1,8,2,.009297260
3,1,8,3,.008914558
3,1,8,4,.009272977
3,1,9,1,.008722569
3,1,9,2,.009219445
3,1,9,3,.011892623
3,1,9,4,.012242893
3,1,10,1,.011302425
3,1,10,2,.011674681
3,1,10,3,.012469701
3,1,10,4,.013444234
3,2,1,1,.009069151
3,2,1,2,.004570131
3,2,1,3,.004600984
3,2,1,4,.005035556
3,2,2,1,.006200474
3,2,2,2,.011261739
3,2,2,3,.008480502
3,2,2,4,.004395057
3,2,3,1,.003670989
3,2,3,2,.004007911
3,2,3,3,.004148258
3,2,3,4,.004858173
3,2,4,1,.004782312
3,2,4,2,.005371502
3,2,4,3,.005263646
3,2,4,4,.005130159
3,2,5,1,.004502432
3,2,5,2,.005104483
3,2,5,3,.005961291
3,2,5,4,.006956791
3,2,6,1,.006050222
3,2,6,2,.006590132
3,2,6,3,.006455707
3,2,6,4,.007110217
3,2,7,1,.006082923
3,2,7,2,.006474266
3,2,7,3,.006438794
3,2,7,4,.006893710
3,2,8,1,.006100868
3,2,8,2,.006402439
3,2,8,3,.006802930
3,2,8,4,.009696240
3,2,9,1,.008614324
3,2,9,2,.009277589
3,2,9,3,.008858163
3,2,9,4,.009851290
3,2,10,1,.008524608
3,2,10,2,.009233686
3,2,10,3,.009304523
3,2,10,4,.009814837
3,3,1,1,.012910932
3,3,1,2,.015020976
3,3,1,3,.014450845
3,3,1,4,.016034258
3,3,2,1,.005710301
3,3,2,2,.005860938
3,3,2,3,.005788838
3,3,2,4,.005884255
3,3,3,1,.006356450
3,3,3,2,.007771467
3,3,3,3,.012130298
3,3,3,4,.015883095
3,3,4,1,.012655071
3,3,4,2,.015676133
3,3,4,3,.014241771
3,3,4,4,.015337123
3,3,5,1,.012853624
3,3,5,2,.015322970
3,3,5,3,.014500653
3,3,5,4,.015485439
3,3,6,1,.013195013
3,3,6,2,.015989184
3,3,6,3,.014515567
3,3,6,4,.016191043
3,3,7,1,.013176147
3,3,7,2,.015075992
3,3,7,3,.015171489
3,3,7,4,.015880151
3,3,8,1,.013327761
3,3,8,2,.015585356
3,3,8,3,.011420256
3,3,8,4,.012021205
3,3,9,1,.009634224
3,3,9,2,.011147483
3,3,9,3,.010594071
3,3,9,4,.012236796
3,3,10,1,.009939390
3,3,10,2,.010936479
3,3,10,3,.010676240
3,3,10,4,.011397826
3,4,1,1,.008608427
3,4,1,2,.009632802
3,4,1,3,.007408622
3,4,1,4,.010836997
3,4,2,1,.005302869
3,4,2,2,.011750100
3,4,2,3,.009084532
3,4,2,4,.013274775
3,4,3,1,.005470509
3,4,3,2,.011980226
3,4,3,3,.010125823
3,4,3,4,.014677960
3,4,4,1,.006814748
3,4,4,2,.023264954
3,4,4,3,.005576957
3,4,4,4,.008259865
3,4,5,1,.003291090
3,4,5,2,.007755589
3,4,5,3,.005614641
3,4,5,4,.007924330
3,4,6,1,.003470478
3,4,6,2,.007506262
3,4,6,3,.005845698
3,4,6,4,.008014558
3,4,7,1,.003426854
3,4,7,2,.008800085
3,4,7,3,.006801892
3,4,7,4,.009859026
3,4,8,1,.003328446
3,4,8,2,.007548137
3,4,8,3,.005623719
3,4,8,4,.008341959
3,4,9,1,.003297156
3,4,9,2,.007574817
3,4,9,3,.006285211
3,4,9,4,.009567781
3,4,10,1,.004442841
3,4,10,2,.010072689
3,4,10,3,.007722777
3,4,10,4,.010787946
3,5,1,1,.005822962
3,5,1,2,.027091995
3,5,1,3,.007640174
3,5,1,4,.011193142
3,5,2,1,.003399326
3,5,2,2,.010630843
3,5,2,3,.007358816
3,5,2,4,.010976596
3,5,3,1,.003562667
3,5,3,2,.010285635
3,5,3,3,.007273624
3,5,3,4,.010618846
3,5,4,1,.003271218
3,5,4,2,.010397352
3,5,4,3,.007248985
3,5,4,4,.010699170
3,5,5,1,.003362926
3,5,5,2,.010362756
3,5,5,3,.007302186
3,5,5,4,.010913907
3,5,6,1,.003396542
3,5,6,2,.010576659
3,5,6,3,.007341312
3,5,6,4,.010575983
3,5,7,1,.003505349
3,5,7,2,.011060944
3,5,7,3,.007936611
3,5,7,4,.011514423
3,5,8,1,.003456687
3,5,8,2,.010294986
3,5,8,3,.007264683
3,5,8,4,.010655426
3,5,9,1,.003450637
3,5,9,2,.010188675
3,5,9,3,.007400098
3,5,9,4,.010640003
3,5,10,1,.003357286
3,5,10,2,.010501516
3,5,10,3,.007454514
3,5,10,4,.010895607
3,6,1,1,.014054835
3,6,1,2,.078227547
3,6,1,3,.019833071
3,6,1,4,.031265807
3,6,2,1,.003415741
3,6,2,2,.036980749
3,6,2,3,.018307854
3,6,2,4,.031980732
3,6,3,1,.003319386
3,6,3,2,.036831648
3,6,3,3,.018436627
3,6,3,4,.030875643
3,6,4,1,.003556918
3,6,4,2,.036724063
3,6,4,3,.018399878
3,6,4,4,.030689431
3,6,5,1,.003477895
3,6,5,2,.037189183
3,6,5,3,.018404115
3,6,5,4,.030758197
3,6,6,1,.003392314
3,6,6,2,.036746641
3,6,6,3,.022382828
3,6,6,4,.034538254
3,6,7,1,.003839969
3,6,7,2,.037846734
3,6,7,3,.018452061
3,6,7,4,.032007165
3,6,8,1,.003711047
3,6,8,2,.037414064
3,6,8,3,.018606111
3,6,8,4,.031557968
3,6,9,1,.003305871
3,6,9,2,.036903346
3,6,9,3,.019585293
3,6,9,4,.031603662
3,6,10,1,.003350594
3,6,10,2,.036651146
3,6,10,3,.018606055
3,6,10,4,.031163803
3,7,1,1,.009183788
3,7,1,2,.070173856
3,7,1,3,.027713542
3,7,1,4,.052326924
3,7,2,1,.003545916
3,7,2,2,.049834556
3,7,2,3,.025615162
3,7,2,4,.049930679
3,7,3,1,.003332581
3,7,3,2,.049673364
3,7,3,3,.025615261
3,7,3,4,.049127262
3,7,4,1,.003528107
3,7,4,2,.049717311
3,7,4,3,.025799327
3,7,4,4,.049390714
3,7,5,1,.003271533
3,7,5,2,.053501180
3,7,5,3,.027477810
3,7,5,4,.051617101
3,7,6,1,.003389909
3,7,6,2,.049935158
3,7,6,3,.025862803
3,7,6,4,.051047079
3,7,7,1,.003455750
3,7,7,2,.050430824
3,7,7,3,.025573513
3,7,7,4,.049861603
3,7,8,1,.003515711
3,7,8,2,.049424902
3,7,8,3,.025820924
3,7,8,4,.050183530
3,7,9,1,.003461228
3,7,9,2,.049563446
3,7,9,3,.025844503
3,7,9,4,.067365273
3,7,10,1,.003779729
3,7,10,2,.053293069
3,7,10,3,.025668660
3,7,10,4,.050945685
3,8,1,1,.009275307
3,8,1,2,.416627408
3,8,1,3,.728486964
3,8,1,4,.298276659
3,8,2,1,.003529905
3,8,2,2,.376156830
3,8,2,3,.160561334
3,8,2,4,.305670337
3,8,3,1,.003386428
3,8,3,2,.397992211
3,8,3,3,.153782090
3,8,3,4,.291693257
3,8,4,1,.003290145
3,8,4,2,.370810618
3,8,4,3,.153935399
3,8,4,4,.290709947
3,8,5,1,.003305232
3,8,5,2,.381962546
3,8,5,3,.154721418
3,8,5,4,.291701861
3,8,6,1,.003417214
3,8,6,2,.406411568
3,8,6,3,.155586845
3,8,6,4,.293434278
3,8,7,1,.003475613
3,8,7,2,.366699937
3,8,7,3,.153076036
3,8,7,4,.295692698
3,8,8,1,.003288256
3,8,8,2,.366518595
3,8,8,3,.153655614
3,8,8,4,.292732259
3,8,9,1,.003263905
3,8,9,2,.367089689
3,8,9,3,.153707797
3,8,9,4,.289953066
3,8,10,1,.003282993
3,8,10,2,.371220187
3,8,10,3,.152960560
3,8,10,4,.290209090
3,9,1,1,.013969147
3,9,1,2,4.881983209
3,9,1,3,6.542424609
3,9,1,4,5.353806836
3,9,2,1,.003421345
3,9,2,2,4.050546397
3,9,2,3,4.049623629
3,9,2,4,5.201674955
3,9,3,1,.003384673
3,9,3,2,3.937526770
3,9,3,3,3.859314738
3,9,3,4,5.173140393
3,9,4,1,.003292712
3,9,4,2,3.917877612
3,9,4,3,3.569967589
3,9,4,4,4.909985218
3,9,5,1,.003683646
3,9,5,2,3.902760044
3,9,5,3,3.381713498
3,9,5,4,4.786589219
3,9,6,1,.003572359
3,9,6,2,3.908358273
3,9,6,3,3.390956466
3,9,6,4,4.917595641
3,9,7,1,.003365257
3,9,7,2,3.913336092
3,9,7,3,3.382262810
3,9,7,4,4.908374422
3,9,8,1,.003661610
3,9,8,2,3.901941478
3,9,8,3,3.320767674
3,9,8,4,4.884714788
3,9,9,1,.003466851
3,9,9,2,3.906332873
3,9,9,3,3.302577606
3,9,9,4,4.843595830
3,9,10,1,.003250001
3,9,10,2,3.897779851
3,9,10,3,3.326096102
3,9,10,4,4.984086586
2,1,1,1,.009321038
2,1,1,2,.005565461
2,1,1,3,.006857324
2,1,1,4,.013213640
2,1,2,1,.004903813
2,1,2,2,.003768625
2,1,2,3,.003728190
2,1,2,4,.005455556
2,1,3,1,.003362389
2,1,3,2,.003781632
2,1,3,3,.003608003
2,1,3,4,.005728583
2,1,4,1,.003797288
2,1,4,2,.003668861
2,1,4,3,.003314151
2,1,4,4,.005122451
2,1,5,1,.003447620
2,1,5,2,.003670584
2,1,5,3,.003924352
2,1,5,4,.005654332
2,1,6,1,.004176032
2,1,6,2,.004328587
2,1,6,3,.004109430
2,1,6,4,.006328877
2,1,7,1,.003923500
2,1,7,2,.004342692
2,1,7,3,.004303312
2,1,7,4,.005539938
2,1,8,1,.003117998
2,1,8,2,.003598949
2,1,8,3,.003346935
2,1,8,4,.005411185
2,1,9,1,.003397599
2,1,9,2,.003624484
2,1,9,3,.003384575
2,1,9,4,.005036454
2,1,10,1,.003272264
2,1,10,2,.003566152
2,1,10,3,.003239095
2,1,10,4,.004975425
2,2,1,1,.009324981
2,2,1,2,.006646682
2,2,1,3,.006141583
2,2,1,4,.010577958
2,2,2,1,.006113004
2,2,2,2,.006855962
2,2,2,3,.008884333
2,2,2,4,.012923689
2,2,3,1,.003407127
2,2,3,2,.003769382
2,2,3,3,.005175589
2,2,3,4,.006595140
2,2,4,1,.003769247
2,2,4,2,.005060924
2,2,4,3,.005088187
2,2,4,4,.008148012
2,2,5,1,.005209235
2,2,5,2,.005682294
2,2,5,3,.005473356
2,2,5,4,.009304687
2,2,6,1,.005866777
2,2,6,2,.005159553
2,2,6,3,.003454167
2,2,6,4,.006155670
2,2,7,1,.003559694
2,2,7,2,.004355030
2,2,7,3,.004943114
2,2,7,4,.008795299
2,2,8,1,.009233385
2,2,8,2,.014250199
2,2,8,3,.013774279
2,2,8,4,.023487838
2,2,9,1,.013163055
2,2,9,2,.013942667
2,2,9,3,.013771277
2,2,9,4,.023603936
2,2,10,1,.013259032
2,2,10,2,.012566969
2,2,10,3,.009822977
2,2,10,4,.016697137
2,3,1,1,.009339178
2,3,1,2,.005487422
2,3,1,3,.004851141
2,3,1,4,.010918979
2,3,2,1,.004033464
2,3,2,2,.005585728
2,3,2,3,.006372817
2,3,2,4,.013658928
2,3,3,1,.007571901
2,3,3,2,.015727566
2,3,3,3,.003999732
2,3,3,4,.008137358
2,3,4,1,.003452990
2,3,4,2,.004049627
2,3,4,3,.003907794
2,3,4,4,.008410226
2,3,5,1,.004164288
2,3,5,2,.005720584
2,3,5,3,.005950003
2,3,5,4,.015897410
2,3,6,1,.013364425
2,3,6,2,.015430392
2,3,6,3,.013908023
2,3,6,4,.029837684
2,3,7,1,.012855595
2,3,7,2,.015196411
2,3,7,3,.013614400
2,3,7,4,.030098581
2,3,8,1,.013213970
2,3,8,2,.015312956
2,3,8,3,.014051252
2,3,8,4,.029991684
2,3,9,1,.014214048
2,3,9,2,.015344106
2,3,9,3,.013856735
2,3,9,4,.030270363
2,3,10,1,.013141841
2,3,10,2,.015821198
2,3,10,3,.014123419
2,3,10,4,.029779825
2,4,1,1,.015509099
2,4,1,2,.012897571
2,4,1,3,.006192798
2,4,1,4,.240878986
2,4,2,1,.003594593
2,4,2,2,.007578110
2,4,2,3,.005117651
2,4,2,4,.246531622
2,4,3,1,.003472170
2,4,3,2,.007785158
2,4,3,3,.005406189
2,4,3,4,.238555845
2,4,4,1,.003761319
2,4,4,2,.008104814
2,4,4,3,.005600232
2,4,4,4,.245244985
2,4,5,1,.003807678
2,4,5,2,.007720153
2,4,5,3,.005208923
2,4,5,4,.248906347
2,4,6,1,.004590139
2,4,6,2,.008345813
2,4,6,3,.006390328
2,4,6,4,.237715847
2,4,7,1,.003813153
2,4,7,2,.007823010
2,4,7,3,.005055638
2,4,7,4,.237105489
2,4,8,1,.003537657
2,4,8,2,.007854721
2,4,8,3,.005293566
2,4,8,4,.256875109
2,4,9,1,.004124571
2,4,9,2,.007834780
2,4,9,3,.005975788
2,4,9,4,.249374129
2,4,10,1,.003730842
2,4,10,2,.007556986
2,4,10,3,.005234614
2,4,10,4,.238426608
2,5,1,1,.015099384
2,5,1,2,.035614767
2,5,1,3,.006323978
2,5,1,4,.414668806
2,5,2,1,.003669309
2,5,2,2,.011533754
2,5,2,3,.006035561
2,5,2,4,.455128611
2,5,3,1,.004028182
2,5,3,2,.013040208
2,5,3,3,.007372928
2,5,3,4,.448933374
2,5,4,1,.003650101
2,5,4,2,.011045112
2,5,4,3,.006293690
2,5,4,4,.410123816
2,5,5,1,.003804568
2,5,5,2,.010879312
2,5,5,3,.006081193
2,5,5,4,.430659697
2,5,6,1,.003635641
2,5,6,2,.011914221
2,5,6,3,.007088253
2,5,6,4,.425717557
2,5,7,1,.003511190
2,5,7,2,.011031053
2,5,7,3,.006249131
2,5,7,4,.429164420
2,5,8,1,.003704024
2,5,8,2,.012488970
2,5,8,3,.007070491
2,5,8,4,.429948173
2,5,9,1,.003903655
2,5,9,2,.011813030
2,5,9,3,.007174155
2,5,9,4,.427126795
2,5,10,1,.003994920
2,5,10,2,.011529048
2,5,10,3,.006226621
2,5,10,4,.428611800
2,6,1,1,.009639148
2,6,1,2,.062385488
2,6,1,3,.013761616
2,6,1,4,1.178910258
2,6,2,1,.003985705
2,6,2,2,.037273758
2,6,2,3,.013787405
2,6,2,4,1.184133553
2,6,3,1,.003565399
2,6,3,2,.036623935
2,6,3,3,.013727377
2,6,3,4,1.199739833
2,6,4,1,.003732813
2,6,4,2,.036243981
2,6,4,3,.013747531
2,6,4,4,1.178662616
2,6,5,1,.003618165
2,6,5,2,.036323698
2,6,5,3,.013590599
2,6,5,4,1.178198628
2,6,6,1,.003781973
2,6,6,2,.036730462
2,6,6,3,.013547459
2,6,6,4,1.178264137
2,6,7,1,.003686480
2,6,7,2,.036825737
2,6,7,3,.013422018
2,6,7,4,1.181259440
2,6,8,1,.003594230
2,6,8,2,.036990304
2,6,8,3,.013588868
2,6,8,4,1.177514209
2,6,9,1,.003599748
2,6,9,2,.036997712
2,6,9,3,.013506789
2,6,9,4,1.179810724
2,6,10,1,.003767911
2,6,10,2,.036219750
2,6,10,3,.013652268
2,6,10,4,1.177989533
2,7,1,1,.012227911
2,7,1,2,.059348393
2,7,1,3,.021749751
2,7,1,4,15.128455630
2,7,2,1,.005972488
2,7,2,2,.048211793
2,7,2,3,.021887396
2,7,2,4,15.112566791
2,7,3,1,.006001111
2,7,3,2,.048142250
2,7,3,3,.021857415
2,7,3,4,15.234181926
2,7,4,1,.006100664
2,7,4,2,.048196332
2,7,4,3,.021657554
2,7,4,4,15.238664826
2,7,5,1,.006026216
2,7,5,2,.048067598
2,7,5,3,.021509645
2,7,5,4,15.247105598
2,7,6,1,.005776409
2,7,6,2,.048100855
2,7,6,3,.021714743
2,7,6,4,15.244458151
2,7,7,1,.006035636
2,7,7,2,.048380612
2,7,7,3,.021651422
2,7,7,4,15.299927596
2,7,8,1,.005815977
2,7,8,2,.048246592
2,7,8,3,.021535031
2,7,8,4,15.267772466
2,7,9,1,.006098179
2,7,9,2,.048218922
2,7,9,3,.021872085
2,7,9,4,15.249438080
2,7,10,1,.006205663
2,7,10,2,.048349415
2,7,10,3,.021559894
2,7,10,4,15.433712769
2,8,1,1,.026373914
2,8,1,2,.413979968
2,8,1,3,.108714964
2,8,1,4,117.591615469
2,8,2,1,.006123517
2,8,2,2,.387542645
2,8,2,3,.107991894
